1
0.02446043165467626
0.02359550561797753
1;Maison;1;1920.0;1040.0;@
0
5
1;450.0;0.0;0;2;450.0;1040.0;0;3;480.0;50.0;0;4;1870.0;50.0;0;5;1870.0;940.0;0;6;480.0;940.0;0;7;1868.0;485.0;0;8;1868.0;50.0;0;9;480.0;485.0;0;10;1870.0;485.0;0;11;480.0;940.0;0;@
1; ;1;0;0;0.0;2; ;1;0;0;0.0;3; ;1;0;0;0.0;4; ;1;0;0;0.0;5; ;1;0;0;0.0;6; ;0;1;0;0.0;7; ;0;0;1;0.0;8; ;1;0;0;0.0;9;Carrelage 1;1;0;0;4222.6654676258995;10;Carrelage 1;1;0;0;1276.5905898876406;11; ;1;0;0;0.0;12; ;0;1;0;0.0;13; ;0;0;1;0.0;14;Carrelage 1;1;0;0;4228.75;15; ;1;0;0;0.0;16;Carrelage 1;1;0;0;1335.2844101123596;17; ;1;0;0;0.0;@
1;1;2;0;1;2;3;4;0;2;3;4;5;0;3;4;5;6;0;4;5;6;3;0;5;6;3;8;0;8;7;7;9;0;9;8;9;3;0;10;9;8;7;0;11;10;9;10;0;14;11;5;11;0;15;12;11;9;0;16;13;10;5;0;17;@
0;6;1;12;@
0;7;1;13;@
1;0;0;6;7;9;8;0;Escalier;0;2;1;1;10;11;13;12;0;Cuisine;1;@
@
@
